VERSION 201

frame 0
transform "body" 0 0 -1 -1 0 0 0 1 0 -60.7 -38.5935 -22.9074
transform "l thigh" 0 0.6293 -0.7771 0 -0.7771 -0.6293 -1 0 0 39.4302 -34.0298 -256.0729
transform "l leg" 0 -0.9848 -0.1737 0 0.1737 -0.9848 1 0 0 12.7086 -123.6494 -460.6152
transform "l heel" 0 0.766 -0.6428 0 -0.6428 -0.766 -1 0 0 39.8388 -222.5766 -747.6749
transform "r thigh" 0 0.967 0.2546 0 0.2546 -0.967 -1 0 0 -158.9203 -34.0298 -256.073
transform "r leg" 0 -0.5336 -0.8457 0 0.8457 -0.5336 1 0 0 -132.1978 101.063 -455.3971
transform "r heel" 0 0.9648 -0.263 0 -0.263 -0.9648 -1 0 0 -159.3279 168.9509 -716.3142
transform "l scap" 0.5003 0.5948 -0.6293 -0.7661 0.6428 -0.0015 0.4036 0.4828 0.7772 -45.3413 -104.6469 36.981
transform "l 4arm" 0.7673 -0.6411 0.0171 0.5066 0.5895 -0.6292 0.3933 0.4915 0.7771 228.0717 125.4362 -10.5797
transform "l 44arm" 0.7101 -0.6992 0.0828 0.584 0.5192 -0.624 0.3933 0.4915 0.7771 355.8752 257.1903 -138.5639
transform "l wrist" 0.6432 0.7255 -0.2446 -0.7367 0.6735 0.0605 0.2086 0.1413 0.9677 368.2901 404.3229 -232.8093
transform "l knuck01" -0.3378 -0.2891 -0.8957 -0.7367 0.6735 0.0605 0.5858 0.6803 -0.4405 403.9665 420.2099 -231.9575
transform "l fing01" 0.7367 -0.6735 -0.0605 0.3881 0.4944 -0.7778 0.5537 0.5495 0.6256 442.2074 470.9562 -292.7534
transform "l knuck02" -0.3779 -0.3358 -0.8628 -0.7367 0.6735 0.0605 0.5608 0.6585 -0.5019 386.4308 435.3896 -232.9808
transform "l fing02" 0.7367 -0.6735 -0.0605 0.2861 0.3915 -0.8746 0.6127 0.627 0.4811 417.0273 478.4286 -301.6789
transform "l knuck03" -0.466 -0.4976 -0.7316 -0.8217 0.55 0.1493 0.3281 0.6708 -0.6652 362.1184 452.6772 -238.3918
transform "l fing03" 0.8217 -0.55 -0.1493 0.1869 0.5076 -0.8411 0.5384 0.6632 0.5199 380.4833 503.4568 -308.6075
transform "l thknuk" -0.2898 0.5892 -0.7542 0.0052 0.789 0.6143 0.9571 0.1741 -0.2318 425.2839 387.7404 -225.9226
transform "l th" -0.0052 -0.789 -0.6143 0.8494 0.3207 -0.4191 0.5277 -0.524 0.6685 515.8065 416.6866 -259.7998
transform "r scap" 0.5694 -0.6462 0.5082 0.7579 0.6521 -0.02 -0.3185 0.3965 0.861 -81.9912 -88.0447 24.0298
transform "r 4arm" 0.6798 -0.5348 0.5019 0.652 0.7541 -0.0795 -0.336 0.3813 0.8613 -368.8287 -11.9459 93.4745
transform "r 44arm" 0.7299 0.6833 -0.0177 -0.5952 0.6227 -0.5079 -0.336 0.3813 0.8613 -377.8017 -117.6127 154.8184
transform "r wrist" -0.5952 0.6227 -0.5079 -0.7299 -0.6833 0.0177 -0.336 0.3813 0.8613 -372.8682 -270.0531 228.2028
transform "r knuck01" -0.5368 0.7484 0.3895 -0.7696 -0.6236 0.1374 0.3457 -0.226 0.9107 -353.9115 -260.7002 274.494
transform "r fing01" 0.7696 0.6236 -0.1374 -0.5151 0.4792 -0.7107 -0.3773 0.6177 0.69 -313.966 -298.8518 342.0257
transform "r knuck02" -0.4986 0.6194 0.6063 -0.7465 -0.6624 0.0628 0.4405 -0.4213 0.7927 -367.1057 -284.4548 272.7621
transform "r fing02" 0.7465 0.6624 -0.0628 -0.5276 0.5318 -0.6625 -0.4054 0.5277 0.7465 -324.056 -330.6203 334.0755
transform "r knuck03" -0.7395 0.6393 0.2106 -0.6684 -0.7345 -0.1172 0.0798 -0.2275 0.9705 -398.6628 -293.2299 275.7688
transform "r fing03" 0.6684 0.7345 0.1172 -0.6104 0.6317 -0.4778 -0.425 0.2478 0.8706 -358.5279 -341.4856 329.2326
transform "r thknuck" -0.5952 0.6227 -0.5079 -0.336 0.3813 0.8613 0.7299 0.6833 -0.0177 -333.04 -222.3965 234.078
transform "r th" 0.336 -0.3813 -0.8613 -0.8916 0.166 -0.4213 0.3036 0.9094 -0.2842 -249.5173 -208.1254 263.2449
transform "neck" 0.0698 -0.9976 0 0 0 1 -0.9976 -0.0698 0 -55.6754 -128.2398 272.6454
transform "head" 0.9816 0.1907 0.0043 -0.0024 0.0348 -0.9994 -0.1908 0.981 0.0346 -41.8849 -273.0342 182.3319
light "Light01" -931.6 -816.665 1188.226 0.8706 0.8706 0.8706
spotlight "Light02" 1300 0 -740 -40 0 50 0.651 0.8588 0.5765 44 45
user -111.8878 15.7779 -339.9847 20 30 0 2094.3167

frame 1
transform "body" 0 0 -1 -1 0 0 0 1 0 -60.7 -38.5935 -22.9074
transform "l thigh" 0 0.7279 -0.6856 0 -0.6856 -0.7279 -1 0 0 39.4302 -34.0297 -256.0729
transform "l leg" 0 -0.9539 -0.3 0 0.3 -0.9539 1 0 0 12.7084 -95.878 -470.9503
transform "l heel" 0 0.8171 -0.5764 0 -0.5764 -0.8171 -1 0 0 39.8384 -164.1746 -763.4184
transform "r thigh" 0 0.9629 0.27 0 0.27 -0.9629 -1 0 0 -158.9203 -34.0298 -256.073
transform "r leg" 0 -0.5146 -0.8574 0 0.8574 -0.5146 1 0 0 -132.1978 104.6132 -452.5779
transform "r heel" 0 0.9827 -0.1855 0 -0.1855 -0.9827 -1 0 0 -159.3271 188.9644 -714.2424
transform "l scap" 0.5003 0.5948 -0.6293 -0.7661 0.6428 -0.0015 0.4036 0.4828 0.7772 -45.3413 -104.6469 36.981
transform "l 4arm" 0.7206 -0.6897 0.0715 0.5711 0.5318 -0.6254 0.3933 0.4915 0.7771 232.944 116.8236 -7.5984
transform "l 44arm" 0.5965 -0.7795 0.1911 0.6997 0.3883 -0.5997 0.3933 0.4915 0.7771 377.2073 225.1224 -129.0783
transform "l wrist" 0.756 0.6127 -0.2303 -0.638 0.7685 -0.0495 0.1467 0.1844 0.9718 417.6782 361.7898 -230.9039
transform "l knuck01" -0.3006 -0.3078 -0.9027 -0.638 0.7685 -0.0495 0.709 0.561 -0.4274 455.0327 372.7898 -227.8106
transform "l fing01" 0.638 -0.7685 0.0495 0.5155 0.3784 -0.7688 0.5721 0.516 0.6375 504.8119 413.2697 -287.953
transform "l knuck02" -0.3493 -0.3461 -0.8707 -0.638 0.7685 -0.0495 0.6863 0.5382 -0.4893 439.9291 390.0549 -231.3838
transform "l fing02" 0.638 -0.7685 0.0495 0.4083 0.283 -0.8679 0.6529 0.5739 0.4943 481.7339 423.3462 -299.5893
transform "l knuck03" -0.4696 -0.4844 -0.7381 -0.7464 0.6644 0.0388 0.4716 0.5691 -0.6735 418.7901 409.9787 -240.068
transform "l fing03" 0.7464 -0.6644 -0.0388 0.3239 0.4136 -0.8509 0.5814 0.6225 0.5239 449.7279 452.4386 -311.3849
transform "l thknuk" -0.1423 0.5643 -0.8132 0.0651 0.8251 0.5612 0.9877 0.0269 -0.1541 471.0469 338.31 -217.8203
transform "l th" -0.0651 -0.8251 -0.5612 0.9172 0.172 -0.3594 0.3931 -0.5381 0.7456 567.1822 352.2862 -245.0703
transform "r scap" 0.5694 -0.6462 0.5082 0.7579 0.6521 -0.02 -0.3185 0.3965 0.861 -81.9912 -88.0447 24.0298
transform "r 4arm" 0.5914 -0.6281 0.5057 0.734 0.679 -0.015 -0.334 0.38 0.8626 -377.7966 -3.7327 86.4151
transform "r 44arm" 0.8409 0.5335 0.0906 -0.4258 0.7556 -0.4978 -0.334 0.38 0.8626 -408.086 -118.3771 143.2356
transform "r wrist" -0.4258 0.7556 -0.4978 -0.8409 -0.5335 -0.0906 -0.334 0.38 0.8626 -437.354 -273.5255 204.2277
transform "r knuck01" -0.4232 0.8087 0.4087 -0.8792 -0.4754 0.0304 0.2188 -0.3465 0.9122 -421.0796 -270.9757 252.377
transform "r fing01" 0.8792 0.4754 -0.0304 -0.3559 0.6133 -0.7051 -0.3166 0.6308 0.7084 -394.7332 -320.3244 319.3269
transform "r knuck02" -0.4279 0.6608 0.6166 -0.8573 -0.5129 -0.0453 0.2863 -0.548 0.786 -438.18 -291.6589 247.7781
transform "r fing02" 0.8573 0.5129 0.0453 -0.3627 0.664 -0.6539 -0.3654 0.5441 0.7552 -409.7158 -349.0348 308.1245
transform "r knuck03" -0.6261 0.7517 0.2073 -0.7783 -0.5864 -0.2244 -0.0471 -0.3019 0.9522 -470.9472 -294.5226 247.7669
transform "r fing03" 0.7783 0.5864 0.2244 -0.4416 0.7653 -0.4682 -0.4463 0.2653 0.8546 -445.0409 -352.8812 299.9295
transform "r thknuck" -0.4258 0.7556 -0.4978 -0.334 0.38 0.8626 0.8409 0.5335 0.0906 -390.1707 -234.7005 216.8101
transform "r th" 0.334 -0.38 -0.8626 -0.8067 0.3581 -0.4701 0.4875 0.8529 -0.187 -308.2813 -238.3428 253.0216
transform "neck" 0.0937 -0.9956 0 0 0 1 -0.9956 -0.0937 0 -53.5228 -128.0632 272.6454
transform "head" 0.9613 0.2754 0.0064 -0.0033 0.0347 -0.9994 -0.2755 0.9607 0.0343 -34.2234 -271.97 182.3432
light "Light01" -931.6 -816.665 1188.226 0.8706 0.8706 0.8706
spotlight "Light02" 1300 0 -740 -40 0 50 0.654 0.8524 0.5829 44 45
user -111.8878 15.7779 -339.9847 20 30 0 2094.3167

frame 2
transform "body" 0 0 -1 -1 0 0 0 1 0 -60.7 -38.5935 -22.9074
transform "l thigh" 0 0.7593 -0.6508 0 -0.6508 -0.7593 -1 0 0 39.4302 -34.0297 -256.0729
transform "l leg" 0 -0.9403 -0.3403 0 0.3403 -0.9403 1 0 0 12.7083 -86.2254 -473.7909
transform "l heel" 0 0.8133 -0.5819 0 -0.5819 -0.8133 -1 0 0 39.8381 -149.9338 -763.5519
transform "r thigh" 0 0.9584 0.2854 0 0.2854 -0.9584 -1 0 0 -158.9203 -34.0298 -256.073
transform "r leg" 0 -0.4828 -0.8757 0 0.8757 -0.4828 1 0 0 -132.1978 108.9228 -448.2328
transform "r heel" 0 0.9956 -0.0938 0 -0.0938 -0.9956 -1 0 0 -159.3264 213.3713 -707.924
transform "l scap" 0.5003 0.5948 -0.6293 -0.7661 0.6428 -0.0015 0.4036 0.4828 0.7772 -45.3413 -104.6469 36.981
transform "l 4arm" 0.6634 -0.7369 0.1303 0.6366 0.4642 -0.6158 0.3933 0.4915 0.7771 237.4352 107.2012 -3.7856
transform "l 44arm" 0.4513 -0.8395 0.3025 0.801 0.2317 -0.552 0.3933 0.4915 0.7771 395.3683 189.1712 -115.532
transform "l wrist" 0.858 0.4753 -0.195 -0.5064 0.8463 -0.1653 0.0865 0.2406 0.9668 465.0588 309.6415 -221.9015
transform "l knuck01" -0.2629 -0.3342 -0.9051 -0.5064 0.8463 -0.1653 0.8212 0.4149 -0.3918 503.2316 315.3133 -215.8525
transform "l fing01" 0.5064 -0.8463 0.1653 0.6332 0.2348 -0.7376 0.5854 0.4782 0.6547 563.7273 343.0318 -273.3473
transform "l knuck02" -0.3196 -0.3623 -0.8756 -0.5064 0.8463 -0.1653 0.8009 0.3905 -0.4539 491.3138 334.2361 -222.0863
transform "l fing02" 0.5064 -0.8463 0.1653 0.5219 0.1482 -0.84 0.6864 0.5117 0.5167 543.5773 355.3612 -287.8904
transform "l knuck03" -0.4708 -0.4702 -0.7465 -0.6368 0.7667 -0.0814 0.6106 0.4371 -0.6604 474.3128 356.236 -234.1778
transform "l fing03" 0.6368 -0.7667 0.0814 0.4572 0.2905 -0.8406 0.6208 0.5725 0.5356 517.5532 387.7236 -304.7815
transform "l thknuk" 0.018 0.51 -0.86 0.1403 0.8503 0.5072 0.99 -0.1297 -0.0562 512.8528 279.8145 -201.9822
transform "l th" -0.1403 -0.8503 -0.5072 0.9609 0.0067 -0.2769 0.2388 -0.5262 0.8161 612.0253 277.3767 -220.3881
transform "r scap" 0.5694 -0.6462 0.5082 0.7579 0.6521 -0.02 -0.3185 0.3965 0.861 -81.9912 -88.0447 24.0298
transform "r 4arm" 0.4835 -0.7183 0.5003 0.8099 0.5839 0.0556 -0.3321 0.3783 0.8641 -386.1035 6.6785 78.6965
transform "r 44arm" 0.9179 0.3404 0.2037 -0.2171 0.8608 -0.4603 -0.3321 0.3783 0.8641 -442.1103 -113.2218 127.6831
transform "r wrist" -0.2171 0.8608 -0.4603 -0.9179 -0.3404 -0.2037 -0.3321 0.3783 0.8641 -507.4176 -262.9211 172.099
transform "r knuck01" -0.2903 0.8474 0.4446 -0.9552 -0.2844 -0.0815 0.0574 -0.4483 0.892 -495.6232 -267.2275 221.4149
transform "r fing01" 0.9552 0.2844 0.0815 -0.1576 0.7222 -0.6735 -0.2504 0.6305 0.7347 -486.1512 -325.5988 285.5615
transform "r knuck02" -0.3442 0.6893 0.6375 -0.9341 -0.3201 -0.1582 0.095 -0.6499 0.7541 -515.989 -283.5501 213.6576
transform "r fing02" 0.9341 0.3201 0.1582 -0.159 0.7695 -0.6186 -0.3198 0.5526 0.7696 -505.4241 -349.7213 270.6982
transform "r knuck03" -0.4804 0.8481 0.2236 -0.8547 -0.3954 -0.3364 -0.1969 -0.3527 0.9148 -548.5157 -279.5742 210.8117
transform "r fing03" 0.8547 0.3954 0.3364 -0.2334 0.8715 -0.4314 -0.4637 0.2902 0.8371 -539.8621 -345.5926 259.4377
transform "r thknuck" -0.2171 0.8608 -0.4603 -0.3321 0.3783 0.8641 0.9179 0.3404 0.2037 -454.8541 -235.6794 191.7695
transform "r th" 0.3321 -0.3783 -0.8641 -0.6705 0.5496 -0.4983 0.6634 0.7448 -0.0712 -379.1666 -258.7328 233.8452
transform "neck" 0.1175 -0.9931 0 0 0 1 -0.9931 -0.1175 0 -51.3751 -127.8351 272.6454
transform "head" 0.9337 0.3581 0.0086 -0.0041 0.0347 -0.9994 -0.3581 0.9331 0.0338 -26.6423 -270.5469 182.3589
light "Light01" -931.6 -816.665 1188.226 0.8706 0.8706 0.8706
spotlight "Light02" 1300 0 -740 -40 0 50 0.657 0.846 0.5893 44 45
user -111.8878 15.7779 -339.9847 20 30 0 2094.3167

frame 3
transform "body" 0 0 -1 -1 0 0 0 1 0 -60.7 -38.5935 -22.9074
transform "l thigh" 0 0.788 -0.6157 0 -0.6157 -0.788 -1 0 0 39.4302 -34.0297 -256.0728
transform "l leg" 0 -0.9135 -0.4067 0 0.4067 -0.9135 1 0 0 12.7083 -73.4702 -474.7144
transform "l heel" 0 0.8254 -0.5645 0 -0.5645 -0.8254 -1 0 0 39.838 -124.4825 -762.9825
transform "r thigh" 0 0.967 0.2546 0 0.2546 -0.967 -1 0 0 -158.9203 -34.0298 -256.073
transform "r leg" 0 -0.4226 -0.9063 0 0.9063 -0.4226 1 0 0 -132.1977 108.1462 -442.4184
transform "r heel" 0 0.9998 0.0219 0 0.0219 -0.9998 -1 0 0 -159.3256 239.0853 -694.485
transform "l scap" 0.5003 0.5948 -0.6293 -0.7661 0.6428 -0.0015 0.4036 0.4828 0.7772 -45.3413 -104.6469 36.981
transform "l 4arm" 0.5959 -0.7799 0.1917 0.7002 0.3876 -0.5995 0.3933 0.4915 0.7771 241.227 96.7855 0.8828
transform "l 44arm" 0.2783 -0.8691 0.4088 0.8763 0.0555 -0.4786 0.3933 0.4915 0.7771 408.5867 150.7719 -97.9358
transform "l wrist" 0.9383 0.3179 -0.1361 -0.3442 0.8964 -0.2791 0.0333 0.3088 0.9505 506.6212 249.1544 -204.6806
transform "l knuck01" -0.2277 -0.3681 -0.9015 -0.3442 0.8964 -0.2791 0.9109 0.2467 -0.3308 544.4694 249.3705 -195.0168
transform "l fing01" 0.3442 -0.8964 0.2792 0.7293 0.068 -0.6808 0.5913 0.4379 0.6772 613.7954 262.2198 -247.5764
transform "l knuck02" -0.2906 -0.3844 -0.8762 -0.3442 0.8964 -0.2791 0.8928 0.2205 -0.3929 536.4273 269.2825 -203.8377
transform "l fing02" 0.3442 -0.8964 0.2791 0.6156 -0.009 -0.788 0.7089 0.4431 0.5487 597.3751 276.1819 -265.0397
transform "l knuck03" -0.4688 -0.4559 -0.7566 -0.4931 0.8457 -0.204 0.7329 0.2774 -0.6212 524.4431 292.4906 -219.2322
transform "l fing03" 0.4931 -0.8457 0.204 0.5753 0.141 -0.8057 0.6526 0.5147 0.556 578.6647 310.5576 -286.9055
transform "l thknuk" 0.1814 0.4232 -0.8877 0.2285 0.8599 0.4566 0.9565 -0.2856 0.0593 546.8422 214.1767 -177.671
transform "l th" -0.2285 -0.8599 -0.4566 0.9709 -0.1664 -0.1725 0.0724 -0.4827 0.8728 645.5811 194.826 -185.1607
transform "r scap" 0.5694 -0.6462 0.5082 0.7579 0.6521 -0.02 -0.3185 0.3965 0.861 -81.9912 -88.0447 24.0298
transform "r 4arm" 0.358 -0.7986 0.4837 0.8733 0.4697 0.1291 -0.3303 0.3762 0.8656 -393.034 19.1707 70.6555
transform "r 44arm" 0.9437 0.1133 0.3109 0.0189 0.9196 -0.3925 -0.3303 0.3762 0.8656 -477.7689 -100.1295 108.149
transform "r wrist" 0.0189 0.9196 -0.3925 -0.9437 -0.1133 -0.3109 -0.3303 0.3762 0.8656 -577.5772 -234.6428 132.4837
transform "r knuck01" -0.1473 0.8547 0.4978 -0.9805 -0.0598 -0.1874 -0.1304 -0.5157 0.8468 -572.0546 -245.138 181.9716
transform "r fing01" 0.9805 0.0598 0.1874 0.0689 0.7877 -0.6122 -0.1842 0.6131 0.7682 -581.7903 -308.8124 240.8147
transform "r knuck02" -0.253 0.6983 0.6696 -0.9597 -0.0934 -0.2651 -0.1226 -0.7096 0.6938 -594.5254 -255.9367 171.0255
transform "r fing02" 0.9597 0.0934 0.2651 0.0721 0.8299 -0.5533 -0.2717 0.5501 0.7897 -604.1328 -326.9033 222.1656
transform "r knuck03" -0.3094 0.9139 0.2629 -0.8804 -0.1707 -0.4425 -0.3595 -0.3683 0.8574 -625.0009 -244.6826 165.879
transform "r fing03" 0.8804 0.1707 0.4425 0.0023 0.9314 -0.3641 -0.4743 0.3216 0.8196 -635.5759 -314.4467 208.5281
transform "r thknuck" 0.0189 0.9196 -0.3925 -0.3303 0.3762 0.8656 0.9437 0.1133 0.3109 -522.7088 -221.222 158.9657
transform "r th" 0.3303 -0.3762 -0.8656 -0.484 0.7198 -0.4976 0.8103 0.5834 0.0557 -458.3398 -263.4958 204.7912
transform "neck" 0.1219 -0.9925 0 0 0 1 -0.9925 -0.1219 0 -50.9852 -127.7881 272.6454
transform "head" 0.9272 0.3744 0.009 -0.0043 0.0346 -0.9994 -0.3745 0.9266 0.0337 -25.22 -270.2282 182.3628
light "Light01" -931.6 -816.665 1188.226 0.8706 0.8706 0.8706
spotlight "Light02" 1300 0 -740 -40 0 50 0.6601 0.8396 0.5957 44 45
user -111.8878 15.7779 -339.9847 20 30 0 2094.3167

frame 4
transform "body" 0 0 -1 -1 0 0 0 1 0 -60.7 -38.5935 -22.9074
transform "l thigh" 0 0.8312 -0.5559 0 -0.5559 -0.8312 -1 0 0 39.4302 -34.0297 -256.0728
transform "l leg" 0 -0.8316 -0.5553 0 0.5553 -0.8316 1 0 0 12.7083 -47.6412 -471.2205
transform "l heel" 0 0.8867 -0.4623 0 -0.4623 -0.8867 -1 0 0 39.838 -57.9916 -759.6681
transform "r thigh" 0 0.9843 0.1766 0 0.1766 -0.9843 -1 0 0 -158.9203 -34.0298 -256.073
transform "r leg" 0 -0.184 -0.9829 0 0.9829 -0.184 1 0 0 -132.1975 106.0527 -416.9844
transform "r heel" 0 0.997 -0.0773 0 -0.0773 -0.997 -1 0 0 -159.3279 229.4705 -635.0735
transform "l scap" 0.5003 0.5948 -0.6293 -0.7661 0.6428 -0.0015 0.4036 0.4828 0.7772 -45.3413 -104.6469 36.981
transform "l 4arm" 0.5189 -0.8163 0.2537 0.759 0.3034 -0.576 0.3933 0.4915 0.7771 244.0506 85.8391 6.377
transform "l 44arm" 0.0851 -0.861 0.5015 0.9155 -0.131 -0.3804 0.3933 0.4915 0.7771 415.5656 111.7089 -76.7622
transform "l wrist" 0.9875 0.1485 -0.0539 -0.1577 0.9104 -0.3824 -0.0077 0.3861 0.9224 538.8632 182.6859 -178.9596
transform "l knuck01" -0.1977 -0.4085 -0.8911 -0.1577 0.9104 -0.3824 0.9675 0.065 -0.2445 575.0681 177.6918 -165.1689
transform "l fing01" 0.1577 -0.9104 0.3824 0.7933 -0.1138 -0.5981 0.5881 0.3977 0.7043 650.3699 174.2731 -210.4641
transform "l knuck02" -0.2647 -0.412 -0.8719 -0.1577 0.9104 -0.3824 0.9513 0.0363 -0.306 571.4314 197.7361 -176.303
transform "l fing02" 0.1577 -0.9104 0.3824 0.6791 -0.1811 -0.7114 0.7169 0.3719 0.5897 638.3505 189.0216 -230.652
transform "l knuck03" -0.4633 -0.4424 -0.7679 -0.3197 0.8916 -0.3208 0.8265 0.0969 -0.5545 565.1323 221.0458 -194.6391
transform "l fing03" 0.3197 -0.8916 0.3208 0.6668 -0.0288 -0.7447 0.6732 0.452 0.5853 627.9881 223.7892 -256.9905
transform "l thknuk" 0.3366 0.3043 -0.8911 0.3257 0.8503 0.4134 0.8835 -0.4294 0.1871 569.7131 144.3354 -145.0742
transform "l th" -0.3257 -0.8503 -0.4134 0.9406 -0.336 -0.0499 -0.0965 -0.4051 0.9092 663.9738 108.7108 -140.0051
transform "r scap" 0.5694 -0.6462 0.5082 0.7579 0.6521 -0.02 -0.3185 0.3965 0.861 -81.9912 -88.0447 24.0298
transform "r 4arm" 0.2189 -0.8632 0.455 0.9186 0.3395 0.2021 -0.3289 0.3737 0.8673 -397.984 33.4124 62.6744
transform "r 44arm" 0.9069 -0.1312 0.4005 0.2634 0.9182 -0.2958 -0.3289 0.3737 0.8673 -512.2498 -77.7784 85.197
transform "r wrist" 0.2634 0.9182 -0.2958 -0.9069 0.1312 -0.4005 -0.3289 0.3737 0.8673 -641.3503 -187.2139 87.344
transform "r knuck01" -0.0066 0.8244 0.566 -0.9438 0.1819 -0.2759 -0.3304 -0.536 0.7769 -643.5743 -202.5069 135.83
transform "r fing01" 0.9438 -0.1819 0.2759 0.3061 0.7959 -0.5224 -0.1245 0.5775 0.8068 -673.349 -266.6079 186.9792
transform "r knuck02" -0.1619 0.6837 0.7116 -0.9228 0.1506 -0.3545 -0.3495 -0.7141 0.6065 -666.5845 -206.9669 121.9734
transform "r fing02" 0.9228 -0.1506 0.3545 0.3122 0.8314 -0.4596 -0.2256 0.5348 0.8143 -697.0303 -277.5737 164.7709
transform "r knuck03" -0.1256 0.9373 0.3251 -0.8442 0.0711 -0.5312 -0.521 -0.3412 0.7824 -693.0916 -188.6432 115.3771
transform "r fing03" 0.8442 -0.0711 0.5312 0.247 0.9312 -0.2679 -0.4756 0.3574 0.8038 -723.3075 -257.2018 149.7939
transform "r thknuck" 0.2634 0.9182 -0.2958 -0.3289 0.3737 0.8673 0.9069 -0.1312 0.4005 -588.0031 -188.8646 119.6442
transform "r th" 0.3289 -0.3737 -0.8673 -0.2571 0.8482 -0.4631 0.9087 0.3753 0.1829 -539.8221 -248.2312 166.3841
transform "neck" 0.108 -0.9941 0 0 0 1 -0.9941 -0.108 0 -52.2319 -127.9324 272.6454
transform "head" 0.944 0.3299 0.0079 -0.0038 0.0347 -0.9994 -0.33 0.9434 0.034 -29.5062 -271.1051 182.3533
light "Light01" -931.6 -816.665 1188.226 0.8706 0.8706 0.8706
spotlight "Light02" 1300 0 -740 -40 0 50 0.6631 0.8332 0.6021 44 45
user -111.8878 15.7779 -339.9847 20 30 0 2094.3167

frame 5
transform "body" 0 0 -1 -1 0 0 0 1 0 -60.7 -38.5935 -22.9074
transform "l thigh" 0 0.8709 -0.4915 0 -0.4915 -0.8709 -1 0 0 39.4302 -34.0297 -256.0728
transform "l leg" 0 -0.703 -0.7112 0 0.7112 -0.703 1 0 0 12.7083 -20.3056 -461.7492
transform "l heel" 0 0.9469 -0.3214 0 -0.3214 -0.9469 -1 0 0 39.8381 18.464 -743.5567
transform "r thigh" 0 0.9965 0.0838 0 0.0838 -0.9965 -1 0 0 -158.9203 -34.0298 -256.073
transform "r leg" 0 -0.131 -0.9914 0 0.9914 -0.131 1 0 0 -132.1974 93.8952 -412.5292
transform "r heel" 0 0.9567 -0.2912 0 -0.2912 -0.9567 -1 0 0 -159.3316 177.9047 -615.4794
transform "l scap" 0.5003 0.5948 -0.6293 -0.7661 0.6428 -0.0015 0.4036 0.4828 0.7772 -45.3413 -104.6469 36.981
transform "l 4arm" 0.4338 -0.8443 0.3145 0.8107 0.2134 -0.5452 0.3933 0.4915 0.7771 245.7063 74.6584 12.6104
transform "l 44arm" -0.1173 -0.8114 0.5725 0.9119 -0.3163 -0.2615 0.3933 0.4915 0.7771 415.6575 73.9136 -52.9048
transform "l wrist" 0.9986 -0.0227 0.0488 0.0429 0.8833 -0.4668 -0.0325 0.4682 0.883 559.0647 113.4561 -145.3986
transform "l knuck01" -0.1758 -0.4532 -0.8739 0.0429 0.8833 -0.4668 0.9835 -0.1195 -0.1359 592.2742 103.8813 -127.1949
transform "l fing01" -0.0429 -0.8833 0.4668 0.817 -0.2999 -0.4925 0.575 0.3602 0.7346 669.9717 83.7561 -163.1364
transform "l knuck02" -0.244 -0.4438 -0.8623 0.0429 0.8833 -0.4668 0.9688 -0.1509 -0.1965 593.3293 123.0972 -140.1796
transform "l fing02" -0.0429 -0.8833 0.4668 0.7048 -0.3579 -0.6126 0.7081 0.3027 0.6379 662.7972 98.2968 -185.6448
transform "l knuck03" -0.4542 -0.4309 -0.7798 -0.1253 0.8975 -0.4229 0.8821 -0.0944 -0.4616 593.0684 145.2723 -160.854
transform "l fing03" 0.1253 -0.8975 0.4229 0.7227 -0.2095 -0.6586 0.6797 0.3881 0.6223 661.3596 131.6283 -215.5919
transform "l thknuk" 0.4721 0.1581 -0.8672 0.4262 0.8202 0.3816 0.7717 -0.5497 0.3199 579.1882 73.939 -105.3469
transform "l th" -0.4262 -0.8202 -0.3816 0.8676 -0.4901 0.0845 -0.2563 -0.295 0.9205 664.7853 23.8653 -86.7547
transform "r scap" 0.5694 -0.6462 0.5082 0.7579 0.6521 -0.02 -0.3185 0.3965 0.861 -81.9912 -88.0447 24.0298
transform "r 4arm" 0.0716 -0.9073 0.4144 0.942 0.1981 0.271 -0.3279 0.3709 0.8688 -400.5327 48.8808 55.1422
transform "r 44arm" 0.8051 -0.3715 0.4625 0.4943 0.8511 -0.1768 -0.3279 0.3709 0.8688 -542.4153 -45.9401 59.9812
transform "r wrist" 0.4943 0.8511 -0.1768 -0.8051 0.3715 -0.4625 -0.3279 0.3709 0.8688 -692.3374 -121.8441 39.7421
transform "r knuck01" 0.1185 0.7556 0.6442 -0.8429 0.4195 -0.337 -0.5249 -0.5031 0.6866 -703.1881 -139.961 86.0427
transform "r fing01" 0.8429 -0.4195 0.337 0.5325 0.7404 -0.4101 -0.0775 0.5252 0.8475 -752.0162 -199.1117 127.6208
transform "r knuck02" -0.0794 0.6443 0.7607 -0.8211 0.3904 -0.4164 -0.5652 -0.6577 0.498 -724.9733 -137.7904 69.8545
transform "r fing02" 0.8211 -0.3904 0.4164 0.5397 0.7685 -0.3437 -0.1858 0.5069 0.8417 -775.0156 -202.4286 102.4359
transform "r knuck03" 0.0547 0.912 0.4066 -0.7439 0.3089 -0.5927 -0.6661 -0.27 0.6953 -745.7875 -113.2969 62.8738
transform "r fing03" 0.7439 -0.3089 0.5927 0.4783 0.8654 -0.1493 -0.4668 0.3945 0.7915 -794.2384 -175.344 87.3783
transform "r thknuck" 0.4943 0.8511 -0.1768 -0.3279 0.3709 0.8688 0.8051 -0.3715 0.4625 -644.5554 -138.5079 76.2271
transform "r th" 0.3279 -0.3709 -0.8688 -0.0074 0.9186 -0.395 0.9447 0.136 0.2985 -616.3633 -211.017 120.7024
transform "neck" 0.0907 -0.9959 0 0 0 1 -0.9959 -0.0907 0 -53.7868 -128.0877 272.6454
transform "head" 0.9621 0.2725 0.0064 -0.0032 0.0348 -0.9994 -0.2725 0.9615 0.0343 -34.9155 -272.0518 182.3431
light "Light01" -931.6 -816.665 1188.226 0.8706 0.8706 0.8706
spotlight "Light02" 1300 0 -740 -40 0 50 0.6661 0.8267 0.6086 44 45
user -111.8878 15.7779 -339.9847 20 30 0 2094.3167

frame 6
transform "body" 0 0 -1 -1 0 0 0 1 0 -60.7 -38.5935 -22.9074
transform "l thigh" 0 0.9062 -0.4229 0 -0.4229 -0.9062 -1 0 0 39.4302 -34.0297 -256.0728
transform "l leg" 0 -0.5903 -0.8072 0 0.8072 -0.5903 1 0 0 12.7083 0.6278 -453.5429
transform "l heel" 0 0.9747 -0.2235 0 -0.2235 -0.9747 -1 0 0 39.8381 71.7673 -724.7395
transform "r thigh" 0 0.9998 -0.0199 0 -0.0199 -0.9998 -1 0 0 -158.9203 -34.0298 -256.073
transform "r leg" 0 -0.1976 -0.9803 0 0.9803 -0.1976 1 0 0 -132.1975 77.9069 -420.8037
transform "r heel" 0 0.9342 -0.3567 0 -0.3567 -0.9342 -1 0 0 -159.3316 147.7285 -628.8478
transform "l scap" 0.5003 0.5948 -0.6293 -0.7661 0.6428 -0.0015 0.4036 0.4828 0.7772 -45.3413 -104.6469 36.981
transform "l 4arm" 0.3427 -0.8626 0.3721 0.8532 0.1199 -0.5076 0.3933 0.4915 0.7771 246.0794 63.5551 19.4438
transform "l 44arm" -0.316 -0.7214 0.6162 0.8634 -0.4879 -0.1284 0.3933 0.4915 0.7771 408.948 39.2154 -27.5641
transform "l wrist" 0.9687 -0.1843 0.1661 0.2451 0.8146 -0.5257 -0.0384 0.5499 0.8343 565.6884 45.1477 -105.5487
transform "l knuck01" -0.1638 -0.4996 -0.8506 0.2451 0.8146 -0.5257 0.9555 -0.2946 -0.011 594.6721 31.9608 -82.9218
transform "l fing01" -0.2451 -0.8146 0.5257 0.7968 -0.4782 -0.3695 0.5523 0.3283 0.7663 670.8237 -4.2283 -107.9213
transform "l knuck02" -0.2301 -0.4778 -0.8478 0.2451 0.8146 -0.5257 0.9418 -0.3288 -0.0703 600.411 49.3881 -97.1458
transform "l fing02" -0.2451 -0.8146 0.5257 0.6888 -0.5279 -0.4969 0.6823 0.2402 0.6905 668.6425 9.068 -132.1697
transform "l knuck03" -0.4419 -0.4221 -0.7915 0.0786 0.8608 -0.5029 0.8936 -0.2845 -0.3472 606.1614 69.1975 -119.3663
transform "l fing03" -0.0786 -0.8608 0.5029 0.7372 -0.3898 -0.552 0.6711 0.3273 0.6652 676.1483 39.1271 -164.5734
transform "l thknuk" 0.5778 -0.0073 -0.8161 0.5235 0.7704 0.3638 0.6261 -0.6375 0.449 574.3637 6.8723 -60.4884
transform "l th" -0.5235 -0.7704 -0.3638 0.7543 -0.6176 0.2225 -0.3961 -0.158 0.9045 647.4482 -54.7656 -28.2499
transform "r scap" 0.5694 -0.6462 0.5082 0.7579 0.6521 -0.02 -0.3185 0.3965 0.861 -81.9912 -88.0447 24.0298
transform "r 4arm" -0.0775 -0.9284 0.3633 0.9417 0.0515 0.3325 -0.3274 0.3679 0.8703 -400.4951 64.9174 48.41
transform "r 44arm" 0.6456 -0.5854 0.4904 0.6899 0.7225 -0.0459 -0.3274 0.3679 0.8703 -565.3558 -5.6882 34.1122
transform "r wrist" 0.6899 0.7225 -0.0459 -0.6456 0.5854 -0.4904 -0.3274 0.3679 0.8703 -725.4664 -42.4305 -6.6592
transform "r knuck01" 0.2159 0.6535 0.7255 -0.6849 0.6309 -0.3645 -0.6959 -0.4182 0.5838 -745.0587 -61.0821 36.445
transform "r fing01" 0.6849 -0.6309 0.3645 0.727 0.6246 -0.285 -0.0479 0.4602 0.8865 -810.1783 -110.1998 67.4064
transform "r knuck02" -0.0134 0.5829 0.8124 -0.6619 0.6038 -0.4442 -0.7495 -0.5437 0.3777 -763.9137 -52.5887 18.7329
transform "r fing02" 0.6619 -0.6038 0.4442 0.7331 0.6449 -0.2158 -0.1562 0.4685 0.8696 -830.4778 -106.0292 40.1155
transform "r knuck03" 0.2151 0.8387 0.5004 -0.5865 0.5206 -0.6205 -0.7809 -0.16 0.6038 -777.7798 -23.4211 12.498
transform "r fing03" 0.5865 -0.5206 0.6205 0.6746 0.7379 -0.0185 -0.4482 0.4295 0.784 -841.3466 -74.0887 26.2774
transform "r thknuck" 0.6899 0.7225 -0.0459 -0.3274 0.3679 0.8703 0.6456 -0.5854 0.4904 -686.9054 -72.6685 31.95
transform "r th" 0.3274 -0.3679 -0.8703 0.2429 0.9229 -0.2988 0.9131 -0.1136 0.3916 -680.7866 -153.0415 71.1054
transform "neck" 0.0707 -0.9975 0 0 0 1 -0.9975 -0.0707 0 -55.587 -128.2335 272.6454
transform "head" 0.9789 0.2043 0.0047 -0.0025 0.0348 -0.9994 -0.2043 0.9783 0.0346 -41.2344 -272.9295 182.3338
light "Light01" -931.6 -816.665 1188.226 0.8706 0.8706 0.8706
spotlight "Light02" 1300 0 -740 -40 0 50 0.6692 0.8203 0.615 44 45
user -111.8878 15.7779 -339.9847 20 30 0 2094.3167

frame 7
transform "body" 0 0 -1 -1 0 0 0 1 0 -60.7 -38.5935 -22.9074
transform "l thigh" 0 0.9365 -0.3507 0 -0.3507 -0.9365 -1 0 0 39.4302 -34.0297 -256.0728
transform "l leg" 0 -0.5228 -0.8525 0 0.8525 -0.5228 1 0 0 12.7083 16.1481 -449.9322
transform "l heel" 0 0.9827 -0.1854 0 -0.1854 -0.9827 -1 0 0 39.8382 100.9713 -713.1186
transform "r thigh" 0 0.9915 -0.1299 0 -0.1299 -0.9915 -1 0 0 -158.9203 -34.0298 -256.073
transform "r leg" 0 -0.2905 -0.9569 0 0.9569 -0.2905 1 0 0 -132.1976 59.5855 -430.506
transform "r heel" 0 0.8999 -0.4361 0 -0.4361 -0.8999 -1 0 0 -159.3316 110.7685 -645.0526
transform "l scap" 0.5003 0.5948 -0.6293 -0.7661 0.6428 -0.0015 0.4036 0.4828 0.7772 -45.3413 -104.6469 36.981
transform "l 4arm" 0.248 -0.8705 0.4251 0.8854 0.0255 -0.4642 0.3933 0.4915 0.7771 245.1497 52.835 26.6944
transform "l 44arm" -0.4982 -0.5965 0.6293 0.7728 -0.6346 0.0103 0.3933 0.4915 0.7771 396.2241 9.1001 -2.0779
transform "l wrist" 0.8996 -0.326 0.2907 0.4361 0.7084 -0.5551 -0.025 0.6261 0.7794 558.608 -18.602 -61.6465
transform "l knuck01" -0.1626 -0.5446 -0.8228 0.4361 0.7084 -0.5551 0.8851 -0.449 0.1223 582.3985 -34.1918 -34.8717
transform "l fing01" -0.4361 -0.7084 0.5551 0.7335 -0.6371 -0.2369 0.5214 0.3038 0.7974 653.1321 -84.7607 -48.0344
transform "l knuck02" -0.224 -0.512 -0.8293 0.4361 0.7084 -0.5551 0.8716 -0.4859 0.0646 592.511 -19.4055 -49.6388
transform "l fing02" -0.4361 -0.7084 0.5551 0.6318 -0.6802 -0.3717 0.6409 0.1886 0.7441 655.7714 -73.6733 -73.3255
transform "l knuck03" -0.4273 -0.4167 -0.8024 0.2788 0.7835 -0.5553 0.8601 -0.461 -0.2186 603.8579 -3.0496 -72.5073
transform "l fing03" -0.2788 -0.7835 0.5553 0.709 -0.558 -0.4313 0.6478 0.2735 0.711 671.6623 -48.5261 -106.8663
transform "l thknuk" 0.6467 -0.1814 -0.7408 0.6114 0.704 0.3613 0.456 -0.6866 0.5662 555.8465 -53.2888 -13.0677
transform "l th" -0.6114 -0.704 -0.3613 0.6079 -0.7102 0.3552 -0.5067 -0.0025 0.8621 613.347 -122.8373 32.0609
transform "r scap" 0.5694 -0.6462 0.5082 0.7579 0.6521 -0.02 -0.3185 0.3965 0.861 -81.9912 -88.0447 24.0298
transform "r 4arm" -0.222 -0.9263 0.3044 0.9184 -0.0938 0.3843 -0.3274 0.3649 0.8716 -397.9465 80.8069 42.7482
transform "r 44arm" 0.4444 -0.7545 0.4829 0.8338 0.5455 0.0849 -0.3274 0.3649 0.8716 -578.9753 40.6787 9.3899
transform "r wrist" 0.8338 0.5455 0.0849 -0.4444 0.7545 -0.4829 -0.3274 0.3649 0.8716 -738.0421 45.0754 -48.2824
transform "r knuck01" 0.2778 0.528 0.8025 -0.4857 0.798 -0.3569 -0.8288 -0.2906 0.4781 -765.7094 28.156 -9.0655
transform "r fing01" 0.4857 -0.798 0.3569 0.8733 0.4605 -0.1588 -0.0377 0.3888 0.9206 -842.9889 -6.889 11.2187
transform "r knuck02" 0.0307 0.5056 0.8622 -0.461 0.7726 -0.4366 -0.8869 -0.384 0.2568 -780.239 42.11 -27.3833
transform "r fing02" 0.461 -0.7726 0.4366 0.8765 0.4734 -0.0876 -0.1391 0.423 0.8954 -858.869 3.9467 -17.1479
transform "r knuck03" 0.3418 0.7252 0.5977 -0.3877 0.6882 -0.6133 -0.856 -0.0221 0.5164 -786.5557 74.0801 -31.8446
transform "r fing03" 0.3877 -0.6882 0.6133 0.8196 0.5618 0.1122 -0.4218 0.4591 0.7819 -860.8647 38.5052 -28.617
transform "r thknuck" 0.8338 0.5455 0.0849 -0.3274 0.3649 0.8716 0.4444 -0.7545 0.4829 -711.432 3.8707 -9.7334
transform "r th" 0.3274 -0.3649 -0.8716 0.4716 0.8624 -0.1839 0.8188 -0.3508 0.4545 -727.4474 -78.5361 21.6202
transform "neck" 0.0487 -0.9988 0 0 0 1 -0.9988 -0.0487 0 -57.5691 -128.3521 272.6454
transform "head" 0.9918 0.1279 0.0028 -0.0017 0.0349 -0.9994 -0.1279 0.9912 0.0348 -48.2362 -273.6163 182.327
light "Light01" -931.6 -816.665 1188.226 0.8706 0.8706 0.8706
spotlight "Light02" 1300 0 -740 -40 0 50 0.6722 0.8139 0.6214 44 45
user -111.8878 15.7779 -339.9847 20 30 0 2094.3167

frame 8
transform "body" 0 0 -1 -1 0 0 0 1 0 -60.7 -38.5935 -22.9074
transform "l thigh" 0 0.9612 -0.2757 0 -0.2757 -0.9612 -1 0 0 39.4302 -34.0297 -256.0728
transform "l leg" 0 -0.4677 -0.8839 0 0.8839 -0.4677 1 0 0 12.7083 30.4629 -446.9834
transform "l heel" 0 0.9872 -0.1592 0 -0.1592 -0.9872 -1 0 0 39.8382 124.7305 -703.2608
transform "r thigh" 0 0.9705 -0.2413 0 -0.2413 -0.9705 -1 0 0 -158.9203 -34.0298 -256.073
transform "r leg" 0 -0.3961 -0.9182 0 0.9182 -0.3961 1 0 0 -132.1977 39.2871 -439.8912
transform "r heel" 0 0.855 -0.5186 0 -0.5186 -0.855 -1 0 0 -159.3314 69.0551 -660.6943
transform "l scap" 0.5003 0.5948 -0.6293 -0.7661 0.6428 -0.0015 0.4036 0.4828 0.7772 -45.3413 -104.6469 36.981
transform "l 4arm" 0.1524 -0.8683 0.472 0.9067 -0.0672 -0.4164 0.3933 0.4915 0.7771 242.9928 42.7755 34.1481
transform "l 44arm" -0.653 -0.4457 0.6124 0.6473 -0.7482 0.1456 0.3933 0.4915 0.7771 378.8314 -15.4725 22.2655
transform "l wrist" 0.797 -0.4395 0.4144 0.604 0.5727 -0.5543 0.0063 0.692 0.7219 539.108 -74.7102 -16.2917
transform "l knuck01" -0.1718 -0.5855 -0.7922 0.604 0.5727 -0.5543 0.7783 -0.5737 0.2552 557.1029 -91.3885 14.1047
transform "l fing01" -0.604 -0.5727 0.5543 0.6327 -0.7674 -0.1035 0.4846 0.2882 0.8259 619.0362 -153.8104 12.8922
transform "l knuck02" -0.2257 -0.5441 -0.8081 0.604 0.5727 -0.5543 0.7644 -0.6132 0.1994 571.0148 -79.8962 -0.5019
transform "l fing02" -0.604 -0.5727 0.5543 0.539 -0.8058 -0.2453 0.5871 0.1506 0.7954 626.026 -145.72 -12.7051
transform "l knuck03" -0.4113 -0.4148 -0.8116 0.4628 0.6721 -0.578 0.7853 -0.6133 -0.0844 587.2059 -67.8223 -23.1139
transform "l fing03" -0.4628 -0.6721 0.578 0.6415 -0.7039 -0.3049 0.6118 0.2297 0.7569 649.236 -126.7515 -46.0423
transform "l thknuk" 0.6758 -0.3529 -0.6471 0.6847 0.6257 0.3738 0.273 -0.6956 0.6645 525.6421 -103.7778 34.1506
transform "l th" -0.6847 -0.6257 -0.3738 0.4386 -0.7633 0.4744 -0.5821 0.1608 0.797 565.5879 -177.2245 90.6291
transform "r scap" 0.5694 -0.6462 0.5082 0.7579 0.6521 -0.02 -0.3185 0.3965 0.861 -81.9912 -88.0447 24.0298
transform "r 4arm" -0.3557 -0.903 0.2409 0.8752 -0.2314 0.4249 -0.3279 0.362 0.8726 -393.2114 95.8625 38.3149
transform "r 44arm" 0.2224 -0.8681 0.4437 0.9182 0.3396 0.2042 -0.3279 0.362 0.8726 -582.4391 90.0005 -12.5284
transform "r wrist" 0.9182 0.3396 0.2042 -0.2224 0.8681 -0.4437 -0.3279 0.362 0.8726 -730.2886 133.7839 -82.3227
transform "r knuck01" 0.302 0.3918 0.8691 -0.2659 0.9101 -0.3179 -0.9155 -0.135 0.379 -764.7247 120.5152 -47.2826
transform "r fing01" 0.2659 -0.9101 0.3179 0.9629 0.2665 -0.0424 -0.0461 0.3174 0.9472 -849.3392 102.0156 -36.8011
transform "r knuck02" 0.0511 0.4202 0.906 -0.2393 0.8859 -0.3974 -0.9696 -0.1965 0.1458 -774.0273 138.6697 -65.3171
transform "r fing02" 0.2393 -0.8859 0.3974 0.9615 0.273 0.0297 -0.1348 0.375 0.9172 -859.6102 118.1894 -65.2118
transform "r knuck03" 0.4269 0.5848 0.6898 -0.1684 0.8008 -0.5747 -0.8885 0.1292 0.4403 -772.8969 171.4872 -67.2216
transform "r fing03" 0.1684 -0.8008 0.5747 0.9051 0.3566 0.2317 -0.3905 0.4812 0.7849 -853.0243 153.0928 -73.47
transform "r thknuck" 0.9182 0.3396 0.2042 -0.3279 0.362 0.8726 0.2224 -0.8681 0.4437 -717.0924 84.9445 -45.8188
transform "r th" 0.3279 -0.362 -0.8726 0.6608 0.748 -0.062 0.6752 -0.5563 0.4845 -753.3875 6.0111 -23.8505
transform "neck" 0.0254 -0.9997 0 0 0 1 -0.9997 -0.0254 0 -59.6687 -128.43 272.6454
transform "head" 0.9989 0.0461 0.0007 -0.0009 0.0349 -0.9994 -0.0461 0.9983 0.0349 -55.6807 -274.0201 182.3235
light "Light01" -931.6 -816.665 1188.226 0.8706 0.8706 0.8706
spotlight "Light02" 1300 0 -740 -40 0 50 0.6752 0.8075 0.6278 44 45
user -111.8878 15.7779 -339.9847 20 30 0 2094.3167

frame 9
transform "body" 0 0 -1 -1 0 0 0 1 0 -60.7 -38.5935 -22.9074
transform "l thigh" 0 0.9801 -0.1986 0 -0.1986 -0.9801 -1 0 0 39.4302 -34.0297 -256.0728
transform "l leg" 0 -0.4216 -0.9068 0 0.9068 -0.4216 1 0 0 12.7083 44.0738 -444.2471
transform "l heel" 0 0.9904 -0.138 0 -0.138 -0.9904 -1 0 0 39.8382 145.626 -694.6225
transform "r thigh" 0 0.9371 -0.349 0 -0.349 -0.9371 -1 0 0 -158.9203 -34.0298 -256.073
transform "r leg" 0 -0.5042 -0.8636 0 0.8636 -0.5042 1 0 0 -132.1978 17.6387 -447.8289
transform "r heel" 0 0.802 -0.5973 0 -0.5973 -0.802 -1 0 0 -159.3311 24.4651 -673.6568
transform "l scap" 0.5003 0.5948 -0.6293 -0.7661 0.6428 -0.0015 0.4036 0.4828 0.7772 -45.3413 -104.6469 36.981
transform "l 4arm" 0.0587 -0.8569 0.5122 0.9175 -0.1558 -0.3658 0.3933 0.4915 0.7771 239.774 33.6072 41.5757
transform "l 44arm" -0.7731 -0.2808 0.5688 0.4977 -0.8244 0.2695 0.3933 0.4915 0.7771 358.4507 -34.1533 44.3948
transform "l wrist" 0.6701 -0.5201 0.5296 0.7405 0.4186 -0.5258 0.0518 0.7445 0.6656 509.652 -121.0509 27.9243
transform "l knuck01" -0.19 -0.6201 -0.7612 0.7405 0.4186 -0.5258 0.6447 -0.6635 0.3796 521.6583 -137.5466 61.236
transform "l fing01" -0.7405 -0.4186 0.5258 0.504 -0.8634 0.0224 0.4447 0.2816 0.8503 572.2391 -208.7733 71.3376
transform "l knuck02" -0.2345 -0.5723 -0.7858 0.7405 0.4186 -0.5258 0.6298 -0.7052 0.3256 538.6082 -129.7423 47.4243
transform "l fing02" -0.7405 -0.4186 0.5258 0.4191 -0.8992 -0.1256 0.5254 0.1274 0.8413 582.8792 -204.216 46.1274
transform "l knuck03" -0.395 -0.4164 -0.8189 0.6206 0.5364 -0.572 0.6774 -0.7341 0.0466 558.6548 -122.4439 25.8813
transform "l fing03" -0.6206 -0.5364 0.572 0.5423 -0.8205 -0.181 0.5664 0.1979 0.8 611.9788 -192.2035 14.2088
transform "l thknuk" 0.6667 -0.5114 -0.5422 0.74 0.5415 0.3991 0.0895 -0.6673 0.7394 486.8154 -142.988 78.5992
transform "l th" -0.74 -0.5415 -0.3991 0.259 -0.7769 0.5739 -0.6208 0.3213 0.7151 508.4893 -216.4166 144.3136
transform "r scap" 0.5694 -0.6462 0.5082 0.7579 0.6521 -0.02 -0.3185 0.3965 0.861 -81.9912 -88.0447 24.0298
transform "r 4arm" -0.4741 -0.8626 0.1764 0.8168 -0.3561 0.4539 -0.3287 0.3592 0.8734 -386.8208 109.5029 35.1408
transform "r 44arm" 0.0013 -0.9246 0.3808 0.9444 0.1264 0.3035 -0.3287 0.3592 0.8734 -576.3569 138.8105 -30.4349
transform "r wrist" 0.9444 0.1264 0.3035 -0.0013 0.9246 -0.3808 -0.3287 0.3592 0.8734 -705.2396 217.1515 -107.2438
transform "r knuck01" 0.2919 0.258 0.921 -0.0471 0.9656 -0.2556 -0.9553 0.0312 0.294 -744.7577 208.8621 -76.271
transform "r fing01" 0.0471 -0.9656 0.2556 0.9964 0.0633 0.0556 -0.0698 0.252 0.9652 -831.9647 207.6209 -74.0113
transform "r knuck02" 0.0495 0.3351 0.9409 -0.0185 0.9422 -0.3346 -0.9986 -0.0009 0.0528 -748.5038 229.7845 -93.2882
transform "r fing02" 0.0185 -0.9422 0.3346 0.9897 0.0648 0.1277 -0.142 0.3288 0.9337 -836.0828 227.5481 -101.5831
transform "r knuck03" 0.4691 0.433 0.7697 0.0501 0.8571 -0.5128 -0.8817 0.2791 0.3804 -740.642 261.7043 -92.185
transform "r fing03" -0.0501 -0.8571 0.5128 0.9325 0.1437 0.3313 -0.3577 0.4948 0.792 -821.8887 260.8222 -106.1852
transform "r thknuck" 0.9444 0.1264 0.3035 -0.3287 0.3592 0.8734 0.0013 -0.9246 0.3808 -705.5762 164.1723 -74.3037
transform "r th" 0.3287 -0.3592 -0.8734 0.8002 0.5971 0.0556 0.5016 -0.7172 0.4838 -758.8542 93.1291 -62.2731
transform "neck" 0.0015 -1 0 0 0 1 -1 -0.0015 0 -61.821 -128.4589 272.6454
transform "head" 0.9993 -0.0379 -0.0014 -0.0001 0.0349 -0.9994 0.0379 0.9987 0.0349 -63.3173 -274.087 182.3242
light "Light01" -931.6 -816.665 1188.226 0.8706 0.8706 0.8706
spotlight "Light02" 1300 0 -740 -40 0 50 0.6783 0.8011 0.6342 44 45
user -111.8878 15.7779 -339.9847 20 30 0 2094.3167

frame 10
transform "body" 0 0 -1 -1 0 0 0 1 0 -60.7 -38.5935 -22.9074
transform "l thigh" 0 0.9927 -0.1203 0 -0.1203 -0.9927 -1 0 0 39.4302 -34.0297 -256.0728
transform "l leg" 0 -0.38 -0.925 0 0.925 -0.38 1 0 0 12.7084 57.3044 -441.17
transform "l heel" 0 0.9965 -0.084 0 -0.084 -0.9965 -1 0 0 39.8382 171.8477 -686.8386
transform "r thigh" 0 0.8938 -0.4485 0 -0.4485 -0.8938 -1 0 0 -158.9203 -34.0298 -256.073
transform "r leg" 0 -0.6076 -0.7942 0 0.7942 -0.6076 1 0 0 -132.1979 -4.5717 -453.7862
transform "r heel" 0 0.7437 -0.6686 0 -0.6686 -0.7437 -1 0 0 -159.3307 -21.3257 -682.9133
transform "l scap" 0.5003 0.5948 -0.6293 -0.7661 0.6428 -0.0015 0.4036 0.4828 0.7772 -45.3413 -104.6469 36.981
transform "l 4arm" -0.0303 -0.8378 0.5452 0.9189 -0.238 -0.3146 0.3933 0.4915 0.7771 235.7348 25.4996 48.7476
transform "l 44arm" -0.8557 -0.1136 0.5049 0.3364 -0.8635 0.3759 0.3933 0.4915 0.7771 336.8467 -47.1821 63.5686
transform "l wrist" 0.5299 -0.5673 0.6304 0.8413 0.2578 -0.4752 0.107 0.7821 0.6139 473.4815 -156.6733 68.7596
transform "l knuck01" -0.2149 -0.6471 -0.7315 0.8413 0.2578 -0.4752 0.4961 -0.7175 0.489 479.7002 -171.8938 104.1938
transform "l fing01" -0.8413 -0.2578 0.4752 0.3588 -0.9237 0.134 0.4044 0.2832 0.8696 517.4109 -248.7371 124.3612
transform "l knuck02" -0.249 -0.5955 -0.7638 0.8413 0.2578 -0.4752 0.4799 -0.7609 0.4368 498.8403 -167.8928 91.6792
transform "l fing02" -0.8413 -0.2578 0.4752 0.2831 -0.9589 -0.019 0.4606 0.1185 0.8797 530.8689 -247.961 100.1163
transform "l knuck03" -0.3794 -0.4208 -0.824 0.7459 0.3878 -0.5415 0.5474 -0.8201 0.1667 521.6467 -165.5045 71.8449
transform "l fing03" -0.7459 -0.3878 0.5415 0.4216 -0.9043 -0.0669 0.5156 0.1784 0.838 564.2547 -243.1515 70.5842
transform "l thknuk" 0.6249 -0.6489 -0.4342 0.7763 0.4572 0.434 -0.0831 -0.6082 0.7894 443.0089 -170.606 118.2367
transform "l th" -0.7763 -0.4572 -0.434 0.0815 -0.7554 0.6501 -0.6251 0.4693 0.6237 446.912 -240.6176 190.7836
transform "r scap" 0.5694 -0.6462 0.5082 0.7579 0.6521 -0.02 -0.3185 0.3965 0.861 -81.9912 -88.0447 24.0298
transform "r 4arm" -0.5741 -0.8107 0.1144 0.7494 -0.464 0.4723 -0.3298 0.3569 0.874 -379.4474 121.3059 33.1328
transform "r 44arm" -0.2003 -0.9312 0.3046 0.9226 -0.0746 0.3786 -0.3298 0.3569 0.874 -562.6592 183.9196 -43.7664
transform "r wrist" 0.9226 -0.0746 0.3786 0.2003 0.9312 -0.3046 -0.3298 0.3569 0.874 -668.0562 290.0675 -122.9611
transform "r knuck01" 0.2555 0.1372 0.957 0.1524 0.9718 -0.18 -0.9547 0.1919 0.2274 -710.8934 287.3834 -95.6211
transform "r fing01" -0.1524 -0.9718 0.18 0.9829 -0.1299 0.1307 -0.1036 0.1969 0.9749 -796.7255 302.4989 -99.6336
